334631523434613
11213122231551
4441435434235434124464
21246112611121146141
323322232116435223
34523334341456443146
5434412444
515615555555553554
534161456322666252353
3523312232436322632225
344644413335321343334
53153651545256635554
45515653446426432424
316456155333445521451
6332224222
454445444246544
356411121151212114522
4216461666261136166656
252214131351122131125
21336422222266642425
62224142634622212114
12246161566426556336
1462614666141366
123252124522411121216
16161625153666611
62566516656656526636
334351433333453342
23415265111
541144356344434455441
124112511116151221143
2121111221121531
21522553131
6262664163613111614
523131552255545635
2241225351115212121
224446524164
42356143233333636232
26366465633332425136
2232232632622226233
166411412161141666112
254545425565265
411611113113516162314
632266566264646612615
25565556461636625655
2455325355224566526551
54344416454415443
616334333633352425
42422166161651132164
54554145545251645525
5355565556311562554
54452424645544424444
24456543424441446634
12635541345346555455
26352333243113434122
46441344433533113432
53654556455514255155
624422251132
4424643144434444
435343231244544116134
32221152111135
61353336336366161665
26435133362
6613655566
113151211164121316151
56131623531116122143
554444445454245
263335322421224234226
5563111221546614315636
44444425445445
16516366434611332365
323232223153452334113
553555251246552555214
521532211211116441612
1466233642512536242443
14225435413515455554
61221311214216415362
44446454424222364543
316251111661141211151
36312422231633312552
255555131366353311546
35444314334341443
226112222254131225
4555344624562162263221
221222461326242226222
2655566556613446665266
5554444542544
45551354255414326
32122225222322
414563624624463233346
44346444234644414335
114455554564454342434
421413161623156156521
66116514224643313256
16116111411216416
63434554614454555413
23626651566146656666
55543654555556653552
52362122343214416524
446334361663255244321
441544144436524544445
245166125262441552423
3126355612
44443642444264364334
662266166144663666661
56565555535
646611666463146661
155122431211115222211
222661222222422645325
23155556444455644455
225222332232
525511545134565534455
552211544652554554445
332412356363333654632
66161666336665611663
24433454334462342634
22311223164552251211
43654666462621412146
16211531522541214221
45555556425
32362333563623343432
116611566163466616343
11222655233425323646
2152311365342121212112
322221253253322223356
55444455652544
546162466666636253
666641162626613466161
2544456445464444553361
563136362352534616141
142216121322113215126
644423636242343542364
42411214623656323456
266661666165623566366
21352221114531452444
4455312322565346426146
315543315633444131434
466163636636656625
333341236232343363533
22552211442162112224
251122322112424262421
5321324652333665332
33335331334133363363
334311253333332332
44336123433333335
1634413155626322211211
14144156463121126261
466666321511666622566
4615656651545355641525
616416661136316111366
16253415224232262446
44243245444145566463
45545352153544515646
42166246454556524156
616666521663115266414
123546434621654444253
33332233346
4426416616663166116615
5332233134233333
34333341465333424
6666262433646666625461
411216111511252222413
5561555554555
23223222262532623653
34341434445344
514344641344241454434
545666614243434265425
12224124622222224222
14464236313635325441
1532333636253533
35326333433243331263
52312222235131242535
546635662625563361666
31111151663
33333433133335363123
45125514353321263113
466143442425141562344
4444324463446
163126112611143321426
41445443444462425442
41161421156611113
64415346465524224233
62666166136664663313
422556423516455
25212454121223231612
66663562666245516622
34445465314444145411
15116131135141666161
3511161245261413
46656616211315124111
41113151143555512332
5251121145531131
526444652655521566555
552534554455151566551
445446464344464443241
52546212332522225531
435536342514332
334611323333336225333
33334133364335
4634253444443
55236662446125461253
66666133663156666666
54551643425544565444
311151131111626223
411214215416621232
12115122511431311121
41544365434624464244
255626553566634
3434443433633
114622222124564322
416166142116116211412
1166111141166361523652
556616555253245566466
112122211222252
614524414223644443353
325313133344253232632
6434433434343
43256345532441351123
61232212222222
55426566553655556315
5211121141
164144545555421553354
333161452131524243226
4225456263332634
26126253665355545
662314121115244513413
623412326111336211652
656636662166636463656
525555346355516555314
343444433464424
42451511111311126211
456445525442653
362665623365661636661
332252345163135623223
652556164635451526666
22422362251222264221
15423615414443446414
33355335331243133133
665461656566134236463
551356133535651143
22521215212322512221
114161161166621
55534412153434541133
666634564663663631612
15445553314544154555
333313344433231335463
223452322631333335332
121111662236236213132
66616466366611566
3415444462
241512111211611562543
5151166311343526336553
2233521332513513336
32122253221253422322
333443612464333434413
355443146555451
66616665662466426
3463346633216
1535465514351223465216
11241115323152
34143353243
3361511221112111351116
55114254435
3555666536163365
6561165654442531231556
22441111212223225122
535455164645316216
656555625155536454261
43136333534123333436
544432444464152344446
56656656656546526523
4323646364422522612211
14115111111114131135
5612115111361
366321353453442431632
66656264245632656666
1311146431515126351113
6334543231313
436355123552416126563
244541153346344154434
525132455612564544534
4322534544144644
325454543664541544445
34443331544364441444
265554455435466324654
313143433455423462333
24142444464444554
2222522331252
41626611355466661
34144553521554545555
3433444443633612253443
556655265665
3432323212333513
56651355542533562552
46344462415244444414
43333344341
64555646335215533616
4564222566542344
66662463666666665
24164612122
26212222223112
65652123211666544116
22213242222526242222
4415453365445552514414
3333333233523352
1455551454555351155
535555556665665
161111131121115146231
4633444352442446135324
52441432556613233
2255662455
45555554355254155155
31333666115366156
61661162532661665156
555524531132634656556
66541666553254616255
146151121111111134131
2226253226356352
66565136666663664166
634441516611216511224
666654362266226664665
624222226223522222522
43343444466444214433
42342244465444353
54452344426464465554
53333644633323323333
531555555551535
25455545555652455
2656162351
5443433313333
4333433344152
44611641111211116416
212323215323252
61344444644445123441
4433336332315
1563631661666136566
2121155111111312131
5635222643551451215252
66655651263163464566
66411466165624456166
112623432251521262322
221523222263621222442
2535465556125341215452
2252224222122244326622
66244355314245662642
552553364653616563556
22535515555145544455
26254236226125343222
33154555211324616122
62563561651553
23233223336314114235
545321542655244165
134332444544636423443
22452616125235241421
161666114111612164346
4122232621325241236264
66636563661
155636153541645216133
363613615161